1	20
2	317
3	4
4	746
5	22
6	767
7	26
8	135
9	766
10	803
11	781
12	133
13	110
14	103
15	45
16	38561
17	43
18	90
19	18
20	43
21	631
22	43
23	44
24	3568
25	31
26	33
27	32
28	41
29	4
30	13
31	76
32	38743
33	72
34	77
35	60
36	1322
37	27
38	19
39	23
40	38702
41	29
42	11
43	15
44	5
45	21
46	17
47	12
48	434
49	16
50	17
51	17
52	9
53	14
54	18
55	1
56	131
57	3
58	21
59	4
60	7
61	1
62	17
63	44
64	1281
65	2
66	8
67	7
68	15
69	2
70	8
71	17
72	113559
73	1
74	4
75	8
76	3
78	7
80	227
81	17
82	8
84	5
86	1
88	234
89	3
90	15
92	19
93	1
95	1
96	149
98	3
100	8
101	7
103	2
104	601
106	7
108	3
112	171
113	1
114	2
115	3
116	1
120	62
123	7
124	1
128	2193
129	15
132	6
133	7
134	10
136	56
141	1
142	4
144	91
148	2
152	28
155	1
160	37891
163	44
164	1
165	10
167	7
168	116
170	2
176	5
178	1
184	5
192	37988
200	11
206	2
208	26
216	113472
224	112
228	2
230	1
232	6
233	1
234	20
235	18
239	1
240	31
248	51
254	1
256	4467
258	1
261	10
264	14
268	2
272	10
278	1
280	8
288	25
296	108
310	1
312	24
313	1
320	18
335	1
336	56
344	64
352	20
360	2
368	2
376	1
384	85
408	1
411	10
416	5
437	1
448	37824
454	10
456	3
458	5
461	7
462	1
464	1
472	2
480	1
496	2
512	1073
514	3
520	26
534	5
535	5
537	1
544	22
560	1
568	3
589	6
602	1
604	1
606	1
614	1
615	1
617	6
640	2
653	1
655	1
663	1
667	1
668	1
677	1
688	1
690	1
704	1
707	1
712	1
720	1
736	1
738	1
749	1
757	1
763	1
768	6
773	2
783	1
792	6
800	4
824	12
836	2
840	1
848	2
860	1
873	1
891	1
901	1
904	1
917	2
927	1
976	2
982	1
987	1
988	1
992	1
1000	2
1008	3
1009	1
1014	5
1016	22
1024	969
1032	184
1040	4
1072	53
1080	4
1088	12
1132	1
1136	1
1168	13
1184	1
1214	1
1224	7
1225	5
1234	1
1242	1
1247	1
1274	1
1280	1
1282	1
1296	1
1312	4
1328	5
1334	1
1336	1
1362	8
1368	3
1373	1
1376	3
1378	1
1399	1
1408	17
1424	3
1436	1
1454	1
1456	7
1464	1
1472	19
1492	1
1496	5
1512	1
1528	4
1532	1
1536	1
1544	3
1552	1
1560	1
1562	1
1566	1
1568	1
1573	1
1576	1
1584	1
1635	1
1640	1
1650	1
1654	1
1656	9
1661	5
1664	4
1677	1
1688	1
1690	1
1728	1
1736	4
1744	3
1752	1
1768	76
1773	1
1776	1
1784	1
1788	6
1816	1
1828	1
1848	1
1864	66
1880	42
1894	1
1898	1
1899	1
1902	1
1914	1
1920	17
1922	1
1949	1
1953	1
1968	1
1974	1
1979	1
1984	2
1992	23
1999	1
2008	3
2014	1
2016	15
2040	1
2048	712
2056	16
2064	2
2072	15
2074	1
2080	1
2094	1
2096	115
2104	1
2142	1
2148	1
2168	3
2176	1
2180	1
2184	1
2188	1
2189	1
2193	1
2211	2
2232	3
2240	2
2242	1
2249	1
2258	2
2272	1
2277	1
2280	5
2333	1
2336	1
2344	1
2352	4
2368	1
2397	5
2400	31
2414	1
2419	1
2424	1
2429	1
2448	13
2459	2
2504	1
2512	1
2520	8
2591	1
2631	1
2719	1
2720	1
2728	1
2787	5
2816	137
2844	1
2848	5
2919	1
2926	1
2931	1
2936	9
2969	1
3016	27
3024	6
3064	1
3074	1
3089	1
3104	1
3113	1
3120	1
3168	1
3184	7
3208	35
3218	1
3312	4
3354	5
3360	13
3408	6
3427	1
3430	1
3462	1
3472	1
3480	5
3501	1
3520	8
3552	2
3579	1
3591	1
3592	2
3642	1
3672	12
3689	1
3736	8
3784	1
3811	1
3859	1
3872	1
3888	24
3904	3
3952	17
3984	4
4058	1
4096	423
4104	16
4112	16
4152	8
4212	1
4240	1
4246	1
4252	5
4304	3
4308	1
4314	1
4328	1
4336	3
4343	1
4350	1
4376	516
4400	1
4408	24
4413	1
4440	2
4481	1
4504	8
4515	1
4576	1
4608	1
4609	1
4704	30
4811	1
4904	7
5089	1
5164	1
5171	5
5184	2
5234	1
5275	1
5328	1
5348	1
5368	3
5385	1
5440	4
5480	1
5579	1
5597	1
5632	1
5672	1
5688	4
5696	2
5806	1
5836	1
5872	1
5896	16
5920	1
5928	1
5968	3
6134	1
6224	1
6240	4
6314	1
6408	3
6665	1
6938	1
7032	1
7179	1
7272	1
7712	1
8192	302
8467	1
8468	1
8560	2
8993	1
9008	1
9083	1
9088	3
9104	2
9176	1
9929	1
10024	8
10078	1
10176	1
10255	1
10339	1
10352	4
10421	1
10432	1
10442	1
10447	1
10512	4
10536	3
10544	3
10588	1
10680	1
11264	1
11392	1
11450	1
11544	1
11848	1
11944	1
11985	1
12080	1
12288	4
12783	1
12880	1
13442	1
13795	1
14264	5
15066	1
15684	1
15776	1
16384	250
17769	1
18062	1
18392	1
19313	1
19702	1
21351	1
21448	3
22460	1
22528	1
22552	13
23010	5
23624	1
25480	1
25753	1
26196	1
27744	1
32100	1
32280	1
32681	1
32768	209
32816	7
33600	1
34707	1
34848	1
35011	1
38691	1
38784	1
40011	1
41847	1
44904	1
45000	1
45099	1
46279	1
46376	7
48008	4
49160	1
49522	1
49616	2
49919	1
50016	1
50425	1
51685	1
51871	1
54683	1
54776	10
55574	1
55672	251
56493	1
56584	1
58800	1
60960	1
61508	1
63733	1
63824	3
64054	1
64152	3
64679	1
65536	147
69494	1
69592	8
70160	1
70256	33
73728	1
82583	1
82680	1
84783	1
90755	1
91695	1
92514	1
92608	1
93976	1
94072	1
95813	1
97255	1
97352	1
101763	1
101845	1
101936	1
107669	1
114266	1
114564	1
114656	1
114789	1
114880	8
115339	1
117890	1
117984	1
122927	1
123024	16
123275	1
123293	1
123808	1
123904	1
124386	1
125527	1
125624	1
125781	1
131072	123
133161	1
140399	1
144260	1
144352	1
144653	1
147235	1
147567	1
150570	1
150664	1
150802	1
151221	1
161915	1
162008	3
162226	1
178165	1
180515	1
180528	1
180608	1
184993	1
185088	2
185501	1
185600	4
192694	1
193386	1
194609	1
200832	1
216263	1
216360	7
220106	1
220200	1
228518	1
228616	3
253214	1
253312	3
262144	90
270249	1
289113	1
297071	1
315569	1
315664	1
324199	1
324296	1
328513	1
328608	1
329341	1
331514	1
360294	1
360392	1
362227	1
366371	1
383945	1
384040	12
388228	1
389304	1
389400	48
394376	1
407872	1
407968	3
412732	1
412824	1
434329	1
434424	2
435856	1
445594	1
445688	1
449297	1
449392	1
475950	1
475960	1
476048	3
495180	1
500357	1
500448	1
511959	1
512056	7
518288	1
518384	1
524288	78
525839	1
525936	3
528407	1
528504	3
530499	1
530592	30
542349	1
542440	1
579119	1
579216	5
635460	1
635552	7
689224	1
689320	3
689456	1
689552	7
719218	1
719312	3
750758	1
750856	1
831653	1
875451	1
1034708	1
1034800	3
1036982	1
1037080	1
1048576	73
1048592	1
1060777	1
1060872	4
1176910	1
1177008	1
1192957	1
1193056	58
1298299	1
1298392	7
1314283	1
1314376	3
1383271	1
1383368	1
1405445	1
1405544	1
1557712	1
1557728	1
1557808	8
1767550	1
1767560	1
1767648	7
2097152	56
2960736	1
2960832	1
3122195	1
3122288	1
3864097	1
3864112	1
3864192	1
4194304	42
6986159	1
6986168	1
6986256	2
8388608	29
9220085	1
9220096	1
9220184	1
16777216	16
33554432	5
67108864	3
134217728	1
